offset_a = 100;
offset_b = 500;
AB = (36.5*2 + 90)/1000;
% AH = 59/1000;
AI = 45.25/1000;
AJ = 72.95/1000;
AH = 59/1000;
BK = 149/1000;
BL = 244/1000;
BM = 217.5/1000;
OC = 217.5/1000;
OD = 327.5/1000;
OG = 130.5/1000;
OE = 245/1000;
OA = (40+22.5+36.5)/1000;

BI = AB - AI;
BJ = AB - AJ;

d2 = 60.5/1000;
d3 = 48.5/1000;
d4 = 21.35/1000;
d7 = 22/1000;